              precision    recall  f1-score   support

    backdoor     1.0000    0.9992    0.9996      4000
        ddos     0.9867    0.9798    0.9832      4000
         dos     0.9969    0.9750    0.9858      4000
   injection     0.9787    0.9670    0.9728      4000
        mitm     0.6135    0.9569    0.7477       209
      normal     0.9999    1.0000    1.0000     10000
    password     0.9985    0.9882    0.9933      4000
  ransomware     0.9997    0.9992    0.9995      4000
    scanning     0.9844    0.9928    0.9885      4000
         xss     0.9704    0.9845    0.9774      4000

    accuracy                         0.9890     42209
   macro avg     0.9529    0.9843    0.9648     42209
weighted avg     0.9900    0.9890    0.9893     42209
